0.7 100 0 100 0 0 0
0.7 200 0 200 0 0 0
0.7 300 0 300 0 0 0
0.7 400 0 400 0 0 0
0.7 500 0 500 0 0 0
0.7 600 0 600 0 0 0
0.7 700 0 700 0 0 0
0.7 800 0 800 0 0 0
0.7 900 0 900 0 0 0
0.7 1000 0 1000 0 0 0
0.93 100 0 100 0 0 0
0.93 200 0 200 0 0 0
0.93 300 0 300 0 0 0
0.93 400 0 400 0 0 0
0.93 500 0 500 0 0 0
0.93 600 0 600 0 0 0
0.93 700 0 700 0 0 0
0.93 800 0 800 0 0 0
0.93 900 0 900 0 0 0
0.93 1000 0 1000 0 0 0
1.16 100 0 100 0 0 0
1.16 200 0 200 0 0 0
1.16 300 0 300 0 0 0
1.16 400 0 400 0 0 0
1.16 500 0 500 0 0 0
1.16 600 0 600 0 0 0
1.16 700 0 700 0 0 0
1.16 800 0 800 0 0 0
1.16 900 0 900 0 0 0
1.16 1000 0 1000 0 0 0
0.7 100 0.5 71 3 26 0
0.7 200 0.5 141 11 48 0
0.7 300 0.5 211 14 75 0
0.7 400 0.5 281 17 102 0
0.7 500 0.5 353 32 115 0
0.7 600 0.5 423 37 140 0
0.7 700 0.5 497 44 159 0
0.7 800 0.5 568 52 180 0
0.7 900 0.5 639 52 209 0
0.7 1000 0.5 710 62 228 0
0.93 100 0.5 75 7 11 7
0.93 200 0.5 146 18 20 16
0.93 300 0.5 218 21 40 21
0.93 400 0.5 290 31 57 22
0.93 500 0.5 363 43 63 31
0.93 600 0.5 435 50 80 35
0.93 700 0.5 511 55 87 47
0.93 800 0.5 583 65 98 54
0.93 900 0.5 656 67 118 59
0.93 1000 0.5 727 78 134 61
1.16 100 0.5 78 7 0 15
1.16 200 0.5 153 20 0 27
1.16 300 0.5 228 31 0 41
1.16 400 0.5 304 40 0 56
1.16 500 0.5 380 53 0 67
1.16 600 0.5 456 62 0 82
1.16 700 0.5 532 72 0 96
1.16 800 0.5 609 80 0 111
1.16 900 0.5 685 89 0 126
1.16 1000 0.5 763 93 0 144
0.7 100 1 70 7 21 2
0.7 200 1 139 26 29 6
0.7 300 1 208 30 52 10
0.7 400 1 278 40 73 9
0.7 500 1 347 51 87 15
0.7 600 1 416 67 97 20
0.7 700 1 486 76 115 23
0.7 800 1 556 87 134 23
0.7 900 1 625 79 168 28
0.7 1000 1 695 89 177 39
0.93 100 1 73 5 14 8
0.93 200 1 146 17 21 16
0.93 300 1 219 28 22 31
0.93 400 1 290 31 36 43
0.93 500 1 362 48 40 50
0.93 600 1 434 52 47 67
0.93 700 1 508 60 66 66
0.93 800 1 580 68 85 67
0.93 900 1 655 74 79 92
0.93 1000 1 726 78 93 103
1.16 100 1 78 7 0 15
1.16 200 1 153 20 0 27
1.16 300 1 228 31 0 41
1.16 400 1 304 40 0 56
1.16 500 1 380 53 0 67
1.16 600 1 456 62 0 82
1.16 700 1 532 72 0 96
1.16 800 1 609 80 0 111
1.16 900 1 685 89 0 126
1.16 1000 1 763 93 0 144
